-1003
-1005
-1012
-1012
-1017
-1019
-1019
-1023
-1024
-1027
-1027
-103
-1033
-1039
-104
-1040
-1043
-1044
-1044
-1044
-1045
-105
-1052
-1052
-1053
-1054
-1057
-106
-106
-1060
-1064
-107
-1074
-1078
-1079
-1079
-1089
-1092
-1096
-1096
-1096
-1105
-1108
-1114
-1114
-1115
-1127
-1135
-1136
-1145
-1146
-1147
-1150
-1158
-116
-1165
-1170
-1174
-120
-1206
-1213
-1219
-122
-122
-1227
-1234
-1241
-1241
-1241
-1246
-1246
-1247
-1249
-1249
-1255
-1255
-1255
-1255
-1258
-1261
-1266
-1266
-1269
-127
-1274
-1274
-1276
-1283
-1292
-1304
-1307
-1309
-1310
-1312
-1312
-1316
-132
-132
-1323
-1338
-1340
-1342
-1345
-1350
-1365
-1371
-1380
-1380
-1380
-1385
-1397
-1399
-140
-1406
-1406
-1410
-1410
-1410
-1424
-1426
-1426
-1429
-1435
-1438
-1440
-1440
-1445
-1447
-1448
-1450
-1450
-1450
-1451
-1451
-1451
-1451
-1455
-1455
-1462
-1463
-1470
-1479
-1479
-1479
-1479
-1480
-1495
-1510
-1510
-1524
-1534
-1534
-1534
-1534
-1543
-1545
-1546
-1546
-155
-1555
-1557
-1557
-1558
-1558
-1565
-1572
-1574
-1575
-1579
-1582
-1582
-1589
-1589
-159
-159
-159
-1597
-16
-160
-1602
-1607
-1607
-1611
-1625
-1629
-1645
-1656
-1657
-166
-1674
-1674
-1675
-1677
-1679
-1680
-1685
-1685
-1685
-1685
-1688
-1689
-1692
-1692
-1695
-1705
-171
-1714
-1717
-173
-173
-1730
-1733
-1733
-1737
-1737
-174
-174
-174
-1744
-1753
-1755
-176
-176
-1769
-1772
-1776
-1786
-1786
-1788
-1788
-1790
-1790
-1799
-18
-1801
-1817
-1817
-182
-1822
-1824
-1825
-1825
-1834
-1836
-1838
-184
-1843
-1850
-1856
-1863
-1863
-1864
-1867
-1867
-1867
-1870
-1870
-1870
-188
-1885
-1886
-1892
-1892
-1892
-1893
-1908
-1908
-1920
-1921
-1921
-1925
-193
-193
-1930
-1930
-1930
-1931
-1931
-1933
-1934
-1941
-1941
-1950
-1951
-1951
-1951
-1952
-1953
-1954
-1954
-1954
-1957
-1961
-1961
-1963
-1974
-1976
-1976
-1979
-1980
-1993
-1996
-1997
-2
-2000
-2013
-2013
-2026
-2028
-2031
-204
-205
-2063
-207
-2070
-2073
-2074
-2080
-2080
-2086
-2089
-210
-210
-2123
-2126
-2127
-2127
-2129
-2129
-2129
-2132
-2136
-2143
-2143
-2146
-215
-215
-2159
-2164
-2164
-2167
-2167
-217
-2172
-2175
-2176
-2176
-2178
-218
-2180
-2180
-2182
-2182
-219
-2201
-2204
-2204
-2204
-2204
-2207
-2208
-2208
-2208
-2214
-2214
-2216
-222
-222
-2220
-2229
-2241
-2242
-2242
-2251
-2251
-2252
-2252
-2252
-2268
-2270
-2273
-2281
-2285
-2290
-2292
-2295
-23
-230
-2304
-2304
-2306
-2308
-2310
-2311
-2312
-2316
-232
-232
-232
-2320
-2320
-2325
-2330
-2331
-2333
-2335
-2335
-2335
-2338
-2338
-2338
-2356
-2365
-2365
-2365
-2371
-2372
-2385
-2391
-2405
-2406
-2415
-2417
-2422
-2425
-2429
-2442
-2446
-2448
-2451
-2469
-2470
-2470
-2473
-2479
-2479
-2479
-2481
-2481
-2483
-249
-2491
-2499
-2502
-2505
-2505
-2505
-2508
-2511
-2515
-2517
-2517
-2518
-2529
-2530
-2530
-2537
-2538
-2540
-2542
-2558
-2564
-2569
-2590
-2595
-2596
-2597
-26
-261
-262
-262
-262
-2630
-2630
-2642
-2646
-2647
-2647
-2648
-2650
-2650
-2653
-2659
-266
-2667
-2669
-267
-2679
-2685
-2690
-2699
-2699
-2699
-2699
-2704
-2717
-2721
-2721
-2723
-2723
-2730
-2733
-2736
-2736
-2736
-2736
-2739
-2749
-2751
-2755
-2757
-2757
-2763
-2763
-2765
-2765
-2765
-2766
-2772
-2778
-278
-2781
-2784
-2784
-2784
-279
-279
-2790
-2797
-2797
-2798
-2798
-2798
-2810
-2814
-2815
-2819
-2819
-2820
-2823
-2823
-2842
-2844
-2844
-2860
-2860
-2870
-2888
-2894
-2897
-2897
-2899
-290
-2900
-2904
-2906
-2913
-2921
-2923
-2928
-293
-2933
-2938
-2940
-2941
-2948
-2948
-2948
-2948
-2951
-2951
-2956
-2958
-2959
-2959
-2959
-2959
-2972
-2983
-2983
-2988
-2997
-2997
-30
-30
-3000
-3000
-3001
-3002
-3003
-3005
-3013
-3013
-3017
-3020
-3022
-3025
-3030
-3040
-3040
-3041
-3045
-3046
-3052
-3052
-3052
-3059
-3059
-3064
-3065
-3074
-3074
-3082
-3082
-3082
-3083
-309
-309
-3092
-3096
-3099
-3108
-3118
-3121
-3121
-3122
-3124
-3126
-3131
-3131
-314
-3141
-3147
-3151
-3163
-3163
-3166
-3172
-3174
-3180
-3185
-3189
-3195
-3199
-322
-3229
-323
-3235
-3235
-3237
-3238
-3251
-3253
-3253
-3257
-3257
-3275
-3276
-3288
-3289
-329
-3295
-3298
-330
-330
-3302
-331
-3314
-3323
-3323
-333
-3333
-3333
-3333
-3341
-3343
-3343
-3353
-3354
-3354
-3364
-3364
-3365
-337
-3373
-3373
-3373
-3373
-3374
-3380
-3386
-3386
-3388
-3397
-3400
-3405
-3409
-3417
-3419
-3420
-3423
-3427
-3428
-343
-343
-343
-3430
-3432
-3437
-3444
-3447
-3448
-3448
-3448
-3448
-3448
-3452
-3465
-3466
-3466
-347
-3477
-3482
-3491
-3492
-3496
-3510
-3516
-3521
-3523
-3523
-3523
-3526
-3534
-3543
-3547
-3556
-3558
-3566
-3569
-3577
-3593
-3599
-3601
-3601
-3602
-3606
-3606
-3611
-3611
-3617
-364
-364
-365
-3655
-3656
-3656
-3663
-3663
-3663
-3664
-3664
-3670
-3670
-3673
-3684
-3687
-3687
-3687
-3694
-37
-37
-3711
-3716
-3716
-3717
-3719
-3725
-3731
-3734
-3734
-3736
-374
-3741
-3741
-3752
-3753
-3753
-3757
-3757
-3758
-3766
-3779
-378
-3782
-3789
-3790
-3791
-3791
-3795
-3805
-3810
-3831
-3831
-3832
-3837
-3837
-3842
-3846
-3849
-3859
-3862
-3865
-3869
-3871
-3872
-3876
-3884
-3885
-3889
-3894
-3894
-390
-3916
-3916
-3916
-3918
-3918
-3925
-3932
-3932
-3932
-3934
-3937
-3937
-3937
-3937
-3939
-3947
-3949
-3960
-3971
-3971
-3976
-3979
-3979
-3979
-3981
-3988
-3991
-3991
-3992
-3998
-40
-40
-4002
-4003
-4007
-401
-401
-4012
-4012
-4012
-4012
-4013
-4014
-4015
-4030
-4035
-4036
-4039
-404
-4044
-4047
-4047
-4048
-4049
-4055
-4060
-4065
-407
-4078
-4092
-4100
-4102
-4103
-4116
-4121
-4121
-4124
-4124
-4124
-4130
-4132
-4132
-4134
-4135
-4138
-414
-4143
-4143
-4150
-4152
-4152
-4155
-4157
-4158
-4162
-4162
-4162
-4164
-4165
-4169
-4172
-4172
-4177
-4178
-4179
-4181
-4190
-4193
-4198
-4199
-42
-4201
-4206
-421
-4210
-4218
-4218
-4220
-4222
-4240
-4240
-4240
-4241
-4248
-4256
-4262
-4268
-4268
-4270
-4270
-4273
-428
-4284
-4284
-4287
-4290
-4294
-4294
-4297
-4300
-4301
-4307
-4308
-4320
-4325
-4325
-4325
-4334
-4356
-4358
-436
-4372
-4375
-4381
-4381
-4388
-4392
-44
-4406
-4411
-4416
-4416
-4417
-4429
-443
-4436
-4436
-4441
-4443
-4443
-4446
-4453
-4463
-4466
-4478
-4478
-4487
-4489
-4509
-4520
-4529
-4533
-4533
-4539
-4539
-4541
-4541
-4544
-4548
-4548
-4548
-4548
-457
-4571
-4574
-4574
-4574
-4574
-4576
-4578
-4578
-4578
-4586
-4586
-4587
-4588
-4591
-4598
-4603
-4603
-4603
-4605
-4607
-4607
-4607
-4607
-461
-4612
-4614
-462
-462
-462
-462
-462
-4627
-4637
-4637
-4639
-4645
-465
-4650
-4659
-466
-4666
-4667
-4667
-4679
-4679
-4680
-4680
-4684
-469
-4692
-4699
-470
-4709
-4709
-4710
-4712
-4718
-4718
-4719
-4734
-4734
-4738
-4739
-4753
-4760
-4764
-4767
-4767
-4768
-4768
-4768
-4768
-4768
-4773
-4794
-4794
-4806
-4812
-4836
-4840
-4844
-4850
-4851
-4851
-4851
-487
-4878
-489
-489
-4896
-490
-4910
-4910
-4910
-4915
-4925
-4925
-4931
-4931
-4933
-4935
-4936
-4949
-4953
-4953
-4953
-4958
-4958
-4962
-4970
-4970
-4972
-4977
-4986
-4986
-4991
-50
-50
-5010
-5022
-5036
-5036
-5046
-5046
-5052
-5052
-5053
-5058
-5069
-5077
-5081
-5081
-509
-5094
-5094
-5094
-5098
-5100
-5110
-5110
-5110
-512
-513
-5137
-514
-5151
-516
-5161
-5162
-5162
-5166
-5174
-5181
-5182
-5182
-5189
-5195
-52
-52
-52
-5208
-5208
-5209
-521
-5215
-5219
-5222
-5226
-5228
-523
-5235
-5236
-5236
-5240
-5248
-5248
-5260
-5268
-5268
-5268
-5281
-5291
-5297
-5301
-5301
-5308
-531
-5311
-5323
-5334
-5340
-5341
-5341
-5343
-5351
-5354
-5363
-5374
-5375
-5377
-5377
-538
-538
-5380
-5380
-5381
-5387
-5388
-5404
-5409
-5410
-5410
-5414
-5437
-5439
-5439
-5448
-5460
-5463
-5470
-5470
-5478
-5487
-5489
-549
-5492
-5492
-5495
-5495
-5508
-5513
-5513
-5518
-5527
-5527
-5531
-5543
-5543
-5543
-5543
-5543
-5547
-5548
-5551
-5551
-5553
-5553
-5553
-5554
-5564
-5564
-5570
-5571
-5571
-5572
-5576
-5579
-5579
-5582
-5584
-5589
-5591
-5591
-5591
-5596
-5596
-5599
-5599
-56
-56
-5626
-564
-5642
-5656
-5662
-5662
-5665
-5667
-567
-5674
-5675
-5675
-5675
-5679
-5681
-5685
-5688
-5693
-5722
-5727
-5730
-5747
-5751
-5754
-5757
-5761
-5761
-5761
-5761
-5770
-5773
-5778
-5780
-5783
-5785
-5786
-5786
-5787
-5788
-5792
-5792
-5809
-5809
-5810
-5815
-5815
-5816
-5816
-5816
-5817
-583
-5840
-5841
-5841
-5843
-5848
-585
-5850
-5850
-5866
-5868
-5877
-5877
-588
-588
-5889
-589
-589
-589
-59
-5905
-5907
-5907
-5907
-591
-5933
-5936
-5939
-5943
-5944
-595
-5957
-5966
-5967
-5980
-5986
-599
-5993
-6002
-6004
-6005
-6008
-6012
-6020
-6023
-6023
-603
-603
-6031
-6033
-6033
-6034
-6037
-604
-6042
-6043
-6043
-6045
-6045
-6047
-605
-6056
-6056
-6065
-6074
-6093
-6096
-6107
-6110
-6118
-6123
-6126
-6131
-6133
-6136
-6137
-6137
-6143
-6158
-6162
-6167
-6167
-6174
-6180
-6195
-6198
-6199
-6199
-6200
-6201
-6210
-6210
-6213
-6214
-6215
-6215
-6219
-6231
-6244
-6250
-6260
-6260
-6270
-6281
-6285
-6301
-6308
-6311
-6318
-632
-632
-632
-6321
-6324
-6324
-6327
-6329
-6329
-633
-6330
-6335
-634
-634
-6341
-6341
-6348
-6349
-6357
-6357
-6366
-6367
-6374
-6379
-6383
-6387
-6390
-6412
-6433
-6437
-6440
-6444
-6460
-6461
-6463
-6468
-6475
-6475
-6475
-648
-6480
-6489
-6499
-6499
-6500
-6504
-6504
-651
-6514
-6517
-6522
-6540
-6540
-6540
-6540
-6551
-6565
-6579
-6579
-6591
-6593
-6594
-6598
-6600
-6600
-6609
-661
-661
-6610
-6611
-6628
-6632
-6639
-6639
-6642
-6642
-6643
-6643
-6658
-6658
-6659
-6660
-6660
-667
-6671
-6671
-6674
-6674
-6675
-668
-668
-6681
-6681
-6693
-67
-67
-67
-6707
-6707
-6715
-6716
-6718
-6718
-6718
-6721
-6722
-6729
-6729
-6729
-6729
-6734
-6734
-6734
-6748
-6748
-6753
-6753
-6760
-677
-6774
-6777
-6777
-678
-679
-679
-6793
-6799
-68
-6801
-6801
-6801
-6802
-6814
-6814
-6814
-6817
-6820
-6822
-6822
-6825
-6825
-6825
-6825
-6830
-6830
-6830
-6840
-6842
-6846
-6853
-6863
-6885
-6887
-690
-690
-690
-6901
-6903
-6903
-6910
-6910
-6916
-692
-6920
-6930
-6930
-6939
-694
-6943
-6950
-6957
-6958
-696
-696
-6962
-6969
-6973
-6982
-6982
-6982
-6985
-6987
-6989
-6998
-7001
-7001
-7001
-7020
-7020
-7022
-7022
-7027
-7028
-7035
-7037
-704
-7040
-7048
-7061
-7082
-7084
-7090
-7096
-7097
-7098
-7101
-7116
-7116
-7116
-7121
-7121
-7124
-7124
-7124
-713
-713
-713
-713
-7132
-7142
-7144
-7144
-7144
-7147
-7155
-7158
-7165
-7168
-7168
-7180
-7182
-7182
-7182
-7190
-7195
-7197
-7198
-720
-7206
-7210
-7210
-7210
-7210
-7210
-7217
-7224
-7228
-7237
-7237
-7246
-7246
-7249
-7250
-7258
-726
-726
-7265
-7265
-7275
-7280
-7284
-7291
-7295
-7299
-7302
-7313
-7314
-7314
-7314
-7318
-7322
-7322
-7330
-7333
-7354
-7357
-7358
-7358
-7363
-7375
-7378
-7379
-7383
-7385
-7388
-7388
-7390
-7391
-7405
-7414
-7416
-7418
-742
-742
-7427
-7428
-7428
-7445
-7452
-7452
-7455
-7459
-7459
-746
-7475
-748
-7480
-7484
-7484
-7484
-7484
-7487
-7487
-7487
-7488
-7488
-749
-7493
-7494
-7498
-750
-750
-7503
-7505
-7508
-7516
-7522
-7523
-7526
-7526
-7526
-753
-7533
-7533
-7539
-7540
-7543
-7562
-7564
-7567
-7582
-7582
-7587
-7589
-7593
-7593
-7594
-7595
-7597
-7598
-7609
-7612
-7617
-7635
-7637
-7637
-7639
-7639
-7660
-7662
-7668
-7678
-7679
-7682
-7697
-7697
-7698
-7699
-7705
-7708
-7712
-7724
-7732
-7732
-7735
-7735
-7739
-7739
-7740
-7742
-7756
-7762
-7763
-7767
-7786
-7786
-7786
-7793
-7794
-7796
-7797
-7803
-781
-7815
-7820
-7820
-7820
-7821
-7821
-7821
-7821
-7827
-7828
-783
-7831
-7847
-7861
-7864
-7864
-7864
-7864
-7865
-7867
-787
-7876
-7876
-7882
-7882
-7888
-7893
-7903
-7903
-7910
-7910
-7911
-7911
-792
-792
-793
-7931
-7931
-7942
-7942
-7943
-7943
-795
-795
-7951
-7951
-7956
-7963
-7963
-7963
-7976
-799
-799
-799
-7993
-7993
-7993
-7993
-7997
-8001
-8005
-8011
-8017
-8019
-8021
-8031
-8039
-8039
-8039
-8043
-8046
-8049
-8049
-8057
-8057
-8063
-8068
-8070
-8074
-8075
-8075
-8075
-8077
-8079
-8083
-8085
-8085
-8085
-8090
-8090
-8091
-8092
-8101
-8103
-8105
-8107
-8109
-8121
-8123
-8133
-8142
-8145
-8149
-8154
-8154
-8155
-8158
-8158
-8158
-8158
-8161
-8161
-8161
-8165
-8169
-817
-8172
-8185
-819
-8192
-8197
-8201
-8211
-8217
-8217
-8217
-8224
-8224
-8224
-8231
-8232
-8233
-8241
-8242
-8242
-8243
-8248
-8248
-8250
-8263
-8263
-8271
-8271
-8274
-8274
-8274
-8279
-828
-828
-8285
-8287
-8287
-8288
-8296
-8297
-8299
-8299
-8309
-8311
-8311
-8315
-8315
-8317
-8323
-8324
-8324
-8324
-8324
-8326
-8331
-8350
-8354
-8357
-836
-8364
-8367
-8369
-8369
-8369
-8369
-8374
-8379
-8380
-8380
-8380
-8380
-839
-839
-8391
-8395
-8396
-8397
-8397
-8399
-8399
-8405
-8407
-8416
-8418
-8428
-8436
-8438
-8438
-8442
-8447
-8452
-8454
-8458
-846
-846
-8460
-8462
-8465
-8471
-8476
-8483
-8483
-8483
-8485
-8491
-8491
-8504
-8504
-8504
-8504
-8504
-8507
-8512
-8512
-8512
-8514
-8514
-8515
-8522
-8525
-8526
-8526
-8528
-8528
-8531
-8531
-8533
-8533
-8533
-8533
-8539
-8547
-8551
-8559
-8571
-8579
-8584
-859
-860
-8610
-8610
-8616
-8622
-8628
-8631
-8636
-8637
-8640
-8647
-865
-865
-865
-8650
-8660
-8670
-8670
-8674
-8676
-8678
-8678
-868
-8688
-8697
-8697
-8700
-8704
-8707
-8708
-8708
-8708
-8719
-8721
-8723
-8723
-873
-873
-873
-8734
-8741
-8749
-8752
-8752
-8752
-8761
-8776
-8776
-8776
-8780
-8783
-8789
-8793
-8795
-8797
-8800
-8806
-8809
-8813
-8814
-8814
-8817
-8817
-8818
-8821
-8824
-8824
-8825
-8827
-8831
-8834
-8838
-8838
-8839
-8844
-8865
-8865
-8865
-8865
-8875
-8875
-8891
-8892
-8893
-8896
-8901
-891
-8914
-8918
-8920
-8924
-8932
-8938
-8938
-8944
-8945
-8946
-8952
-8953
-8960
-8961
-8965
-898
-8996
-900
-901
-9013
-9016
-9020
-9033
-9040
-9040
-9042
-9048
-9053
-9055
-9055
-9058
-9059
-9063
-9063
-9066
-9067
-9072
-9079
-9087
-9087
-9089
-9089
-909
-9094
-91
-910
-9107
-911
-9112
-9112
-9112
-9117
-9117
-9117
-9118
-9122
-9122
-9134
-9144
-9164
-9164
-9164
-9165
-9165
-9182
-9186
-9195
-9196
-9200
-9200
-9205
-9208
-9210
-9212
-9222
-9222
-9222
-9225
-925
-925
-925
-9256
-9256
-9256
-926
-9260
-9265
-9278
-9278
-9281
-9289
-9289
-9291
-930
-9302
-9302
-9303
-9320
-9334
-9337
-9340
-9342
-9344
-9357
-9360
-9363
-937
-9371
-9371
-9371
-9376
-938
-9384
-9392
-9398
-9409
-9409
-9409
-9409
-941
-9410
-9410
-9431
-9432
-9433
-9434
-944
-944
-9441
-945
-945
-9450
-9452
-946
-9464
-9466
-9467
-9467
-9468
-9468
-9468
-9468
-9469
-9470
-9474
-9474
-9475
-9475
-9478
-9478
-9482
-9482
-9487
-9490
-9490
-9496
-9497
-9502
-9504
-9507
-9514
-9514
-9517
-9519
-9519
-9525
-9526
-9526
-9528
-9529
-9529
-9529
-9530
-9535
-9537
-9539
-9546
-9548
-9548
-9550
-9552
-9552
-956
-9560
-9560
-9562
-9565
-9571
-9571
-9595
-9596
-9596
-9596
-9596
-9596
-9596
-9599
-9606
-9608
-9610
-9611
-9612
-9612
-9613
-963
-9638
-964
-9649
-9650
-9650
-9651
-9652
-9653
-9655
-9658
-9661
-9666
-968
-9683
-9685
-9686
-9692
-9696
-9701
-9706
-9710
-9711
-9714
-9714
-9714
-9715
-9718
-9720
-9725
-9726
-9726
-9728
-9728
-973
-9732
-9740
-9744
-9746
-9748
-9753
-9755
-9755
-9761
-9763
-9768
-9771
-9777
-9788
-9797
-9798
-9801
-9803
-9805
-9811
-9811
-9811
-9817
-9819
-9819
-9826
-9826
-9833
-9837
-9837
-9848
-9851
-9855
-987
-9874
-9875
-9877
-9880
-9880
-9880
-9880
-9889
-9897
-9899
-9899
-9900
-9902
-9906
-9912
-9913
-9917
-9917
-9919
-9919
-9919
-9919
-9919
-9925
-9925
-9930
-9932
-9936
-9940
-9948
-9948
-9953
-9953
-9953
-9955
-9962
-9969
-9976
-9976
-998
-998
-9985
-999
-9991
-9994
0
1001
1030
1033
1043
1049
1055
1055
1055
1057
1059
1064
1069
1069
1070
1074
1077
1079
108
108
108
108
1088
1093
1094
1103
1103
1109
1115
1125
1126
1134
1134
1135
1137
1138
1141
1143
1143
1147
1149
1166
1166
118
118
1181
1186
1186
1191
1194
1194
1194
1210
1217
1229
1234
1245
1246
1249
125
1251
1252
1252
1252
1252
1262
1262
1262
1262
1262
1262
1264
1265
1265
1265
127
1276
1291
1291
1297
1297
1303
1304
1309
131
131
1312
1318
1318
1327
1329
1331
1332
1336
1337
134
1354
1354
1359
1362
1366
1373
1385
1398
1399
1400
1400
1407
1407
1409
1413
1416
142
1420
1420
1423
1428
1434
1438
144
1445
1447
1447
1451
1451
1454
1455
1455
1470
1476
1479
148
148
1481
1481
1483
1491
15
1517
1517
1521
1527
1527
1527
1546
1548
1561
1571
158
1587
1595
1599
1599
1601
1602
1603
1604
1606
1610
1612
1615
162
1624
1629
163
1634
1634
1634
1635
1649
1649
165
1652
1656
1656
1662
1664
1666
1666
1668
1673
1673
168
1680
1689
1693
1698
1713
1723
1723
1731
1734
1734
1742
1742
1742
1747
1751
1757
1757
1760
1760
1760
1760
1760
1761
1770
1772
1772
1774
1776
1777
1786
1786
1789
1796
180
1805
1815
1822
1822
1822
1822
1822
1822
1827
1828
1834
1848
1848
1851
1852
1862
1862
1863
1864
1869
1869
1874
1874
1874
1874
1874
1879
1879
1879
1880
1886
1886
1886
1887
1895
1903
1903
1906
1912
1931
1932
1939
1939
1949
1950
1951
1951
1952
1952
1952
1959
1960
1961
1971
1972
1986
1986
1990
1990
1992
2
2
20
20
2000
2000
2003
2009
2009
201
2017
2027
2039
2041
2043
2047
2049
205
2056
206
2063
207
207
2070
2070
2080
2080
2093
2098
2098
2106
2107
2107
2112
2114
2114
2116
2125
2134
2144
2146
2151
2157
2171
2171
2173
2173
2173
218
2183
2183
2195
2195
2195
2195
2195
2216
2218
2218
2226
2231
2234
2234
2236
2242
2254
2255
2269
2271
2274
2274
2282
2290
2291
2296
2301
2301
2303
2324
233
234
2340
2344
2344
2344
2344
2347
2347
2347
2349
2351
2353
2357
2359
2359
2371
2371
238
238
2380
2380
2384
2393
2394
2394
2394
2394
2399
2399
2399
2401
2414
2419
2439
2439
2439
2442
2442
2444
2456
2458
2460
2460
2482
2492
2493
2494
2499
2504
2506
2507
2509
2510
252
2523
2536
2539
2539
254
2540
2541
2544
2556
2557
2559
256
2563
2564
2564
2565
2565
2568
2576
2576
2580
2583
2586
2586
259
2592
2597
2597
2597
2603
2603
2606
2618
262
2625
2626
2626
2626
2630
2635
2635
2644
2644
2656
2658
2658
2660
2670
2679
2694
2694
2695
2696
2696
2699
270
270
270
2707
2714
2714
2724
2725
273
2734
2735
2739
2739
2743
2753
2758
2758
2760
2764
2768
2768
2770
2770
2773
2773
2775
2780
2783
2786
2798
2806
2810
2824
2824
2828
2828
2860
2862
2867
2874
2882
2883
2887
2890
2894
2895
29
290
2904
2904
2906
2906
2906
2906
2909
2931
2943
2952
2952
2954
2954
2957
2957
2957
2961
2962
2964
2964
2971
2986
2987
2990
2990
2990
2995
2996
2996
3000
3001
3005
3006
3011
3021
3024
3024
3024
3024
3028
3034
3034
3038
3041
3052
3055
3059
3059
3062
3068
307
3072
3081
3081
3083
3083
3083
3084
3092
3097
31
3107
3116
3116
3129
3141
3149
315
315
3155
3165
3166
3172
3172
3176
3177
3177
319
3190
3194
3200
3203
3206
3206
3215
322
322
322
322
3232
3233
3233
3237
3237
3237
324
3240
3240
3240
3243
3243
3249
3253
3255
3260
3261
3263
3263
327
3275
3276
3296
330
330
330
3300
3300
3303
331
331
3316
3316
3316
3317
3322
3322
3322
3322
3322
3324
3324
3330
3333
3336
3336
3336
3336
3339
3340
3341
3344
3350
3362
3362
3362
3362
337
3375
3376
3376
3377
3377
3378
3383
3394
3397
3397
34
340
3403
341
3410
3418
3429
3436
3439
3439
3440
3449
3449
3449
3454
3470
3481
3487
3488
3502
3504
3504
3507
3507
3507
3509
3509
3519
3521
3531
3531
3532
3533
354
354
3541
3549
3552
3585
3587
3588
3589
3590
3593
3597
3597
36
3600
3608
3619
362
3620
3623
3624
363
3632
3635
3638
3642
3645
3649
365
365
365
365
3650
3652
3656
3671
3672
3672
3672
3675
3682
3682
3683
3685
3686
3689
3689
3690
3702
372
3723
3726
3731
3735
3735
3742
3742
375
3750
3753
3759
3762
3762
3772
3772
3772
3773
3774
3777
3782
3783
3785
3785
3785
3789
3797
380
3804
3804
3804
3804
3808
3811
3820
3822
3822
3822
3824
3824
383
3834
3836
3836
3842
3849
3849
3855
3855
3855
387
3876
3879
3880
3884
3884
3884
3884
3887
3894
3895
3897
3897
3900
3901
3909
391
391
391
3913
3919
3921
3930
3930
3936
3936
3942
3951
3951
3953
3957
396
3965
3975
3988
3988
3991
3991
3991
3992
3992
3992
3992
3992
3993
3993
3998
4002
4003
4012
4025
4026
4026
4036
4037
4038
4038
4041
4041
4041
4049
4049
4065
4067
407
4075
4076
4076
4087
4094
4097
41
41
410
411
4113
4121
4121
4140
4144
4148
4149
4149
4155
416
416
416
4162
4172
4178
4181
4181
4189
4189
4192
4192
4193
42
420
4202
4209
4209
4217
4238
4247
4252
4253
4253
4258
4258
4258
4259
4261
4265
4265
4268
4269
4269
4269
4271
4271
4271
4278
4278
4280
4280
4287
4291
4292
4307
4310
4311
4326
4331
4332
4332
4333
4335
434
4342
4350
4351
4351
4352
4353
4362
437
4374
4380
4381
4384
4386
4389
4389
4389
4390
4391
4391
440
4403
4403
4403
4403
4410
4410
4411
4414
4420
4420
4431
4433
4433
4439
4446
4449
4453
4454
4456
4456
4462
4465
4467
4467
4473
4474
448
448
448
4484
4484
4484
4490
4491
4492
4492
4493
45
4503
4507
4507
451
4511
4513
4519
4526
4529
4534
4541
4541
4541
4541
4557
4560
4570
4581
4590
4590
4593
4594
4608
4610
4610
4624
463
4642
4642
4656
4664
4665
4670
4670
4674
4674
4678
468
4681
4684
4691
4697
4701
4703
471
4710
4711
4712
4717
4717
4739
4742
4744
4757
4764
4767
4767
4772
4772
4780
4787
4787
4800
4800
4800
4801
4801
4807
4809
4813
4813
4815
482
4827
4829
483
4831
4857
4867
4868
4869
4869
4869
4870
4875
4880
4893
4903
4917
4918
4922
4924
4930
4936
4940
4954
4966
4967
4967
4970
4973
4981
4981
4985
4986
4986
5
500
500
500
5000
5005
5006
5014
5020
5020
5025
5026
503
503
5037
504
504
5049
505
5058
5061
5069
5073
5073
5074
5083
5093
5097
5104
5107
5108
511
5116
5118
5121
5121
5129
5129
5131
5137
514
5141
5142
5147
5147
515
515
5152
5155
5155
5155
5157
5159
5159
5159
5163
517
5177
5177
5181
5181
5184
5184
5187
5193
5199
5199
5199
5199
5199
5199
52
5200
5201
5201
5205
5212
5214
5216
5216
5217
5218
5219
5232
5233
5239
5245
5252
5252
5259
5267
5267
5267
5282
5290
5290
5290
5291
5291
5292
5296
5300
5300
5301
5301
5303
5313
5321
5321
5331
5332
5334
534
5341
5342
5345
5349
5351
5361
5362
5362
5363
5373
5377
5384
5384
5389
5391
5394
5394
5395
5397
5398
5398
5398
5400
5402
5404
5406
5415
5415
542
5423
5423
5425
5434
5436
5436
5436
5442
5443
5446
5446
5447
5453
5457
5458
5467
5472
5472
5474
5477
5477
5486
5496
5497
5499
5503
5508
551
5510
5513
5513
5516
5525
5526
5527
5528
5531
5534
5537
5542
5542
5550
5550
5550
5556
5557
5560
5573
5575
5576
5577
5578
5578
5578
5585
5593
5595
5596
5597
5597
560
5602
5603
5603
5613
5619
5625
5626
5630
5630
5632
5637
5637
5643
5646
5661
5672
5677
5677
5677
5678
5687
569
569
5690
5695
5695
5707
5707
5707
5715
5717
5726
5735
5750
5750
5750
5750
5750
5754
5757
5765
5767
5768
577
5775
5780
5783
5787
5787
5789
5789
5789
579
5796
5803
5807
5808
5811
5823
5823
583
5833
5833
5844
5844
5844
5844
5844
5849
5851
5856
5857
5864
5865
5869
5877
5877
588
5880
5882
5890
5890
5893
5902
5916
5931
5939
5947
5951
5951
5956
5956
5960
5960
5961
5967
5967
5984
5989
5994
5996
5999
6000
6000
6009
6009
602
6021
6027
6028
6043
6047
605
6054
6056
6058
6069
6069
6077
608
6081
609
6091
6092
6093
6102
6102
6103
611
6116
6119
612
6124
6124
6125
6132
6137
6139
614
614
6146
615
6151
6162
6178
6178
6178
6178
6179
619
62
6200
6214
6223
6225
6231
6234
6238
624
6242
6242
6244
6244
6251
6253
6253
6254
6254
626
6260
6260
6262
6262
6262
6266
6273
6289
6294
6296
6308
6310
6316
6326
6328
6334
6335
6335
6335
6336
6336
6336
6338
6339
6339
6350
6358
6368
6368
6368
6386
6386
6387
6387
639
6390
6391
6392
6393
6402
6411
6423
6425
643
6439
6441
6445
6446
6451
6454
6454
6454
6462
6474
6474
6474
6474
6475
6479
6485
6489
6490
6494
6494
6495
6496
6502
6502
6506
6522
6526
6526
6529
6530
6531
6534
6534
6537
6537
654
6540
6541
6544
6545
6555
656
6562
6565
6566
6576
6587
6589
6596
6596
6597
6599
6603
6603
6607
6607
6615
663
6642
6652
6654
6654
6655
6664
6669
6681
6686
6696
6696
670
6718
6723
6727
6728
6757
6757
6758
6758
6762
6774
6779
6780
6786
6786
6791
6791
6794
68
68
68
6803
6803
682
6826
6827
6827
683
6836
6839
6839
6840
6842
6847
6847
6856
6858
686
6860
6860
6860
6863
6874
6877
6877
688
688
688
6880
6881
6894
6894
6899
690
6905
6905
6906
6913
6913
6913
6917
6921
6922
6922
6932
6932
6937
6937
6941
6955
6955
6958
6962
6969
6972
6979
698
6982
6983
6989
6989
6991
7
70
7004
7014
7014
7014
7014
7017
7020
7027
7027
7035
7053
7053
7053
7058
7058
7058
7058
7059
7062
7065
7074
7083
7085
7085
7085
7086
7086
7091
7095
710
7108
7108
7112
7113
7113
7119
7119
7127
7133
714
7147
7147
7156
716
7163
7163
7171
718
718
7182
7190
7193
7195
7197
7199
7209
7211
7211
7211
7211
7213
7213
7216
7218
7219
7220
7234
7235
7241
7241
7269
7270
7276
7276
7276
7277
7277
7277
7281
7291
7291
7294
7307
7314
7314
7314
7316
7344
7344
7345
7353
7363
7366
7377
7386
7386
7391
7393
7395
7403
7410
7411
7411
742
742
7423
7426
7431
7442
7443
7454
7454
7454
7454
7454
7454
7457
7462
7464
7471
7475
7480
7480
7481
7484
7502
7509
7510
7512
7514
7518
7529
7535
7535
7538
7538
7543
7548
755
7559
7562
7567
757
757
7577
7578
7579
758
758
7582
7598
7600
7601
7602
7607
7609
7609
7614
763
7630
7630
764
7645
765
765
7651
7662
7664
7668
7671
7677
7677
7686
7686
7686
7687
7688
7688
7688
770
7717
7719
7723
7727
7734
774
774
7744
7750
7750
7752
7752
7752
7754
7757
7764
7793
7796
7800
7800
7800
7801
7805
7814
7835
7839
7839
7840
7840
7840
7841
7843
7843
7849
7857
7861
7861
7862
7862
7865
7870
7871
7873
7885
7888
7918
792
792
7929
7967
7967
7968
797
797
7974
7975
7977
7977
798
7981
799
7994
8002
8003
8003
8013
8013
8018
8018
8018
8019
802
8031
8035
8036
8046
8046
8050
8055
8059
806
806
806
8063
8066
8079
8079
8084
8091
8091
8094
8097
810
8101
8105
8111
8111
8119
8121
8132
8139
8149
8149
8151
8151
8151
8153
8155
8155
8156
8156
8160
8160
817
8170
8175
8176
8177
8177
8177
8181
8181
8181
8187
8197
820
8200
8203
8203
8206
8210
8211
8214
8219
8230
8231
8238
8245
8245
8248
8248
8252
8254
8254
8259
826
8262
8262
8265
8265
8265
8266
8271
8272
8276
8276
8276
8279
8282
8284
8299
8322
8326
8328
8332
8337
8337
8342
8354
8355
8355
8355
8355
8373
8373
838
838
8385
8385
8385
8387
8388
8388
8388
8388
8390
8397
8402
8407
8411
8412
8412
8412
8412
842
8420
8420
8421
8423
843
843
843
8433
8437
8438
8438
844
8443
845
845
845
8451
8455
8462
8462
8471
8475
8482
8485
8487
8490
8491
8514
8518
8520
8526
8528
8531
8532
8533
8537
8539
8553
8553
8561
8566
8571
8572
8579
8586
8586
8593
8595
8595
8596
8605
8606
8612
8614
8614
8619
8621
8633
8646
8654
8656
8663
8663
8667
8667
8672
8682
8689
8692
8692
8694
8694
87
871
8712
8713
8715
8715
8732
8738
8741
8747
8747
8754
8758
8758
8777
8777
8783
8794
8794
8794
8799
8799
8806
8808
8809
8812
8816
8818
882
8827
8829
8830
8835
8835
8835
8851
8852
8856
8857
886
8861
887
8873
8874
8876
8877
8877
8905
8906
8910
8928
8929
8934
8942
8946
8947
895
8950
8953
8956
8957
896
8961
8961
8966
897
897
8977
8978
8979
8982
8982
8985
8990
8990
8991
8991
8996
900
9009
9009
9017
9023
9026
9031
9031
9031
9035
9037
9037
9037
9044
9044
9044
9049
9060
9060
9063
9063
9063
9063
9065
9065
9065
9082
9082
909
9090
91
91
91
9102
9112
9114
9115
9122
9126
9127
9134
9137
9137
9137
9137
9145
9145
9145
9160
9166
9173
9174
9177
9177
9179
9188
9190
9190
9190
9193
9198
9198
9198
9200
9205
9211
9212
9214
9214
9220
9224
9226
9227
9227
9227
9239
924
924
9240
9241
9247
9248
9248
9249
9253
926
926
9262
9263
9266
9269
9269
9269
9269
9270
9274
928
9289
9295
9295
9300
9303
9306
9307
9310
9310
9324
9328
9328
9329
9333
9336
9336
9336
9346
9357
9358
9360
9363
9363
9363
9363
9368
9379
9389
9395
9397
9413
942
942
9425
9427
9427
9431
9437
944
9441
9441
9441
9441
9442
9442
9442
9442
9444
9445
9447
9447
9449
9449
9451
9455
9457
9458
9461
9465
9467
9468
9468
9468
9470
9481
9481
9490
9493
950
9501
9504
9504
9504
9508
9511
9511
9512
9516
9521
9523
9523
9523
9523
9525
9529
9529
9532
9536
9536
9536
9545
9547
9550
9555
9555
9559
9560
9563
9569
9570
9573
9575
9576
9584
959
9596
9596
9605
9605
9607
9608
9612
963
9633
9644
9644
9663
9664
9664
9670
9672
9676
9680
9680
969
9692
9693
9693
9698
9698
9699
9701
9701
9707
9707
9707
9709
9709
9711
9713
9713
9716
9717
9721
9721
9724
9726
9729
9729
9731
9731
9741
9742
9743
9743
9744
9744
9747
9764
9768
9769
977
977
9770
9782
9788
9793
9793
98
9801
9803
9803
9811
9813
9813
9822
9823
9838
9838
9838
9839
984
9852
9852
9852
9852
9856
9857
9857
9857
9857
9864
9874
9881
9882
9885
9887
990
9905
9909
9920
9929
9950
9951
9955
9960
9960
9961
9962
9963
9964
9965
9970
9972
9972
9983
9989